0.0000000000e+00 -1.3281249872e-08 2.2437500427e-07 -5.9055137649e-04 
4.0000000000e-04 -2.8131249737e-08 4.3782500837e-07 -5.9052838934e-04 
8.0000000000e-04 -4.7931249557e-08 7.2242501385e-07 -5.9049773980e-04 
1.2000000000e-03 -7.1813280612e-08 1.0695101765e-06 -5.9046019802e-04 
1.6000000000e-03 -9.4569530581e-08 1.4270914313e-06 -5.9042038478e-04 
2.0000000000e-03 -1.1533203075e-07 1.7865039341e-06 -5.9037907022e-04 
2.4000000000e-03 -1.3410078110e-07 2.1477476849e-06 -5.9033625434e-04 
2.8000000000e-03 -1.5087578166e-07 2.5108226837e-06 -5.9029193713e-04 
3.2000000000e-03 -1.6599375109e-07 2.8757468992e-06 -5.9024518460e-04 
3.6000000000e-03 -1.8147500151e-07 3.2426281441e-06 -5.9019039271e-04 
4.0000000000e-03 -1.9765625159e-07 3.6114843873e-06 -5.9012662746e-04 
4.4000000000e-03 -2.1453750134e-07 3.9823156287e-06 -5.9005388884e-04 
4.8000000000e-03 -2.3211875077e-07 4.3551218684e-06 -5.8997217685e-04 
5.2000000000e-03 -2.5043437495e-07 4.7300843569e-06 -5.8988174989e-04 
5.6000000000e-03 -2.6969062447e-07 5.1082905979e-06 -5.8978415835e-04 
6.0000000000e-03 -2.8992187443e-07 5.4899218420e-06 -5.8967966061e-04 
6.4000000000e-03 -3.1112812481e-07 5.8749780893e-06 -5.8956825667e-04 
6.8000000000e-03 -3.3330937563e-07 6.2634593398e-06 -5.8944994655e-04 
7.2000000000e-03 -3.5628359555e-07 6.6557593445e-06 -5.8932491998e-04 
7.6000000000e-03 -3.7895859662e-07 7.0542406107e-06 -5.8919431553e-04 
8.0000000000e-03 -4.0115234750e-07 7.4592968895e-06 -5.8905832293e-04 
8.4000000000e-03 -4.2286484820e-07 7.8709281809e-06 -5.8891694220e-04 
8.8000000000e-03 -4.4409609872e-07 8.2891344849e-06 -5.8877017333e-04 
9.2000000000e-03 -4.6494609893e-07 8.7139548587e-06 -5.8861769604e-04 
9.6000000000e-03 -4.8601484814e-07 9.1456236451e-06 -5.8845758871e-04 
1.0000000000e-02 -5.0740234623e-07 9.5841799013e-06 -5.8828953104e-04 
1.0400000000e-02 -5.2910859321e-07 1.0029623627e-05 -5.8811352304e-04 
1.0800000000e-02 -5.5113358906e-07 1.0481954823e-05 -5.8792956471e-04 
1.1200000000e-02 -5.7349842799e-07 1.0941432871e-05 -5.8773808434e-04 
1.1600000000e-02 -5.9632967520e-07 1.1409614070e-05 -5.8754165160e-04 
1.2000000000e-02 -6.1964842490e-07 1.1886757800e-05 -5.8734069478e-04 
1.2400000000e-02 -6.4345467707e-07 1.2372864064e-05 -5.8713521388e-04 
1.2800000000e-02 -6.6774843173e-07 1.2867932859e-05 -5.8692520890e-04 
1.3200000000e-02 -6.9252265710e-07 1.3372324335e-05 -5.8671138750e-04 
1.3600000000e-02 -7.1773516258e-07 1.3888199380e-05 -5.8649799571e-04 
1.4000000000e-02 -7.4337891642e-07 1.4415918139e-05 -5.8628574118e-04 
1.4400000000e-02 -7.6945391862e-07 1.4955480615e-05 -5.8607462392e-04 
1.4800000000e-02 -7.9596016916e-07 1.5506886806e-05 -5.8586464393e-04 
1.5200000000e-02 -8.2285079328e-07 1.6070393750e-05 -5.8565551923e-04 
1.5600000000e-02 -8.4984454227e-07 1.6647543674e-05 -5.8544555790e-04 
1.6000000000e-02 -8.7689454137e-07 1.7238593616e-05 -5.8523447797e-04 
1.6400000000e-02 -9.0400079056e-07 1.7843543574e-05 -5.8502227943e-04 
1.6800000000e-02 -9.3116328985e-07 1.8462393550e-05 -5.8480896229e-04 
1.7200000000e-02 -9.5831797662e-07 1.9095581826e-05 -5.8459702958e-04 
1.7600000000e-02 -9.8508047515e-07 1.9745738093e-05 -5.8440149961e-04 
1.8000000000e-02 -1.0113867228e-06 2.0413300636e-05 -5.8422487541e-04 
1.8400000000e-02 -1.0372367196e-06 2.1098269452e-05 -5.8406715699e-04 
1.8800000000e-02 -1.0626304656e-06 2.1800644544e-05 -5.8392834434e-04 
1.9200000000e-02 -1.0878828048e-06 2.2521054806e-05 -5.8380881876e-04 
1.9600000000e-02 -1.1148828024e-06 2.3263273615e-05 -5.8371086796e-04 
2.0000000000e-02 -1.1439453024e-06 2.4027929868e-05 -5.8363487324e-04 
2.0400000000e-02 -1.1750703048e-06 2.4815023564e-05 -5.8358083459e-04 
2.0800000000e-02 -1.2082578097e-06 2.5624554704e-05 -5.8354875202e-04 
2.1200000000e-02 -1.2440273476e-06 2.6457436582e-05 -5.8354374355e-04 
2.1600000000e-02 -1.2854961016e-06 2.7319148969e-05 -5.8359651730e-04 
2.2000000000e-02 -1.3331836023e-06 2.8210605159e-05 -5.8371219131e-04 
2.2400000000e-02 -1.3870898496e-06 2.9131805152e-05 -5.8389076558e-04 
2.2800000000e-02 -1.4472148435e-06 3.0082748948e-05 -5.8413224010e-04 
2.3200000000e-02 -1.5104468663e-06 3.1063381067e-05 -5.8443532881e-04 
2.3600000000e-02 -1.5581156108e-06 3.2073368628e-05 -5.8479231534e-04 
2.4000000000e-02 -1.5871093592e-06 3.3112656151e-05 -5.8520191362e-04 
2.4400000000e-02 -1.5974281116e-06 3.4181243636e-05 -5.8566412367e-04 
2.4800000000e-02 -1.5890718679e-06 3.5279131083e-05 -5.8617894547e-04 
2.5200000000e-02 -1.5651539085e-06 3.6407613813e-05 -5.8676600975e-04 
2.5600000000e-02 -1.5443539157e-06 3.7574463753e-05 -5.8754310080e-04 
2.6000000000e-02 -1.5297851700e-06 3.8780976226e-05 -5.8852984932e-04 
2.6400000000e-02 -1.5214476712e-06 4.0027151230e-05 -5.8972625533e-04 
2.6800000000e-02 -1.5193414195e-06 4.1312988766e-05 -5.9113231883e-04 
2.7200000000e-02 -1.5258687590e-06 4.2638923203e-05 -5.9273427951e-04 
2.7600000000e-02 -1.5554437552e-06 4.4007560748e-05 -5.9444957560e-04 
2.8000000000e-02 -1.6104687522e-06 4.5419335770e-05 -5.9626444681e-04 
2.8400000000e-02 -1.6909437502e-06 4.6874248269e-05 -5.9817889314e-04 
2.8800000000e-02 -1.7968687491e-06 4.8372298245e-05 -6.0019291459e-04 
2.9200000000e-02 -1.9227726549e-06 4.9916022425e-05 -6.0234302428e-04 
2.9600000000e-02 -2.0358289036e-06 5.1520641179e-05 -6.0484830096e-04 
3.0000000000e-02 -2.1305664013e-06 5.3188691233e-05 -6.0774525775e-04 
3.0400000000e-02 -2.2069851480e-06 5.4920172587e-05 -6.1103389466e-04 
3.0800000000e-02 -2.2650851436e-06 5.6715085242e-05 -6.1471421168e-04 
3.1200000000e-02 -2.3083234203e-06 5.8568127614e-05 -6.1879790055e-04 
3.1600000000e-02 -2.3574421709e-06 6.0447490201e-05 -6.2335511162e-04 
3.2000000000e-02 -2.4158984273e-06 6.2347871420e-05 -6.2839753662e-04 
3.2400000000e-02 -2.4836921897e-06 6.4269271271e-05 -6.3392517555e-04 
3.2800000000e-02 -2.5608234579e-06 6.6211689754e-05 -6.3993802841e-04 
3.3200000000e-02 -2.6429187931e-06 6.8191290968e-05 -6.4643697451e-04 
3.3600000000e-02 -2.7037375611e-06 7.0305059514e-05 -6.5342728967e-04 
3.4000000000e-02 -2.7389063229e-06 7.2569159492e-05 -6.6090985320e-04 
3.4400000000e-02 -2.7484250784e-06 7.4983590902e-05 -6.6888466508e-04 
3.4800000000e-02 -2.7322938278e-06 7.7548353745e-05 -6.7735172534e-04 
3.5200000000e-02 -2.6954860083e-06 8.0269737026e-05 -6.8639579765e-04 
3.5600000000e-02 -2.6678422442e-06 8.3185474788e-05 -6.9652546424e-04 
3.6000000000e-02 -2.6543359730e-06 8.6301856037e-05 -7.0782548880e-04 
3.6400000000e-02 -2.6549671946e-06 8.9618880773e-05 -7.2029587134e-04 
3.6800000000e-02 -2.6697359090e-06 9.3136548997e-05 -7.3393661185e-04 
3.7200000000e-02 -2.6977663379e-06 9.6818120153e-05 -7.4865921452e-04 
3.7600000000e-02 -2.7338038112e-06 1.0044315090e-04 -7.6393270451e-04 
3.8000000000e-02 -2.7769725506e-06 1.0397490070e-04 -7.7966858601e-04 
3.8400000000e-02 -2.8272725561e-06 1.0741336953e-04 -7.9586685901e-04 
3.8800000000e-02 -2.8847038277e-06 1.1075855740e-04 -8.1252752353e-04 
3.9200000000e-02 -2.9426772974e-06 1.1405596660e-04 -8.2987617363e-04 
3.9600000000e-02 -2.9616585567e-06 1.1757861081e-04 -8.4926637385e-04 
4.0000000000e-02 -2.9350585378e-06 1.2137199234e-04 -8.7092371825e-04 
4.0400000000e-02 -2.8628772405e-06 1.2543611116e-04 -8.9484820685e-04 
4.0800000000e-02 -2.7451146648e-06 1.2977096730e-04 -9.2103983964e-04 
4.1200000000e-02 -2.5876841019e-06 1.3435851154e-04 -9.4948676543e-04 
4.1600000000e-02 -2.4260652986e-06 1.3909044872e-04 -9.8011787717e-04 
4.2000000000e-02 -2.2661715460e-06 1.4394872965e-04 -1.0129213236e-03 
4.2400000000e-02 -2.1080028440e-06 1.4893335433e-04 -1.0478971049e-03 
4.2800000000e-02 -1.9515591927e-06 1.5404432275e-04 -1.0850452209e-03 
4.3200000000e-02 -1.8005374553e-06 1.5928827867e-04 -1.1242656255e-03 
4.3600000000e-02 -1.6771188111e-06 1.6470508462e-04 -1.1649580425e-03 
4.4000000000e-02 -1.5850001231e-06 1.7030138436e-04 -1.2070224257e-03 
4.4400000000e-02 -1.5241813916e-06 1.7607717788e-04 -1.2504587750e-03 
4.4800000000e-02 -1.4946626163e-06 1.8203246519e-04 -1.2952670906e-03 
4.5200000000e-02 -1.4747805253e-06 1.8819436429e-04 -1.3417814460e-03 
4.5600000000e-02 -1.3345554867e-06 1.9472558313e-04 -1.3920062832e-03 
4.6000000000e-02 -1.0523242282e-06 2.0165323973e-04 -1.4462756758e-03 
4.6400000000e-02 -6.2808674999e-07 2.0897733409e-04 -1.5045896237e-03 
4.6800000000e-02 -6.1843052013e-08 2.1669786619e-04 -1.5669481271e-03 
4.7200000000e-02 6.1051390269e-07 2.2478010000e-04 -1.6331913561e-03 
4.7600000000e-02 1.1736263360e-06 2.3301561929e-04 -1.7023603326e-03 
4.8000000000e-02 1.5916012848e-06 2.4136968801e-04 -1.7742952268e-03 
4.8400000000e-02 1.8644387491e-06 2.4984230617e-04 -1.8489960388e-03 
4.8800000000e-02 1.9921387290e-06 2.5843347375e-04 -1.9264627685e-03 
4.9200000000e-02 1.9172512241e-06 2.6715051673e-04 -2.0071561267e-03 
4.9600000000e-02 1.2950762331e-06 2.7603739084e-04 -2.0938403783e-03 
5.0000000000e-02 6.8163755529e-08 2.8510142204e-04 -2.1869762340e-03 
5.0400000000e-02 -1.7634862085e-06 2.9434261033e-04 -2.2865636939e-03 
5.0800000000e-02 -4.1998736589e-06 3.0376095570e-04 -2.3926027579e-03 
5.1200000000e-02 -7.0403759454e-06 3.1345186816e-04 -2.5049595257e-03 
5.1600000000e-02 -9.0812571647e-06 3.2398780764e-04 -2.6228305955e-03 
5.2000000000e-02 -1.0121894666e-05 3.3546418413e-04 -2.7460820670e-03 
5.2400000000e-02 -1.0162288451e-05 3.4788099763e-04 -2.8747139402e-03 
5.2800000000e-02 -9.2024385170e-06 3.6123824814e-04 -3.0087262152e-03 
5.3200000000e-02 -7.4295589373e-06 3.7543156067e-04 -3.1485320170e-03 
5.3600000000e-02 -5.9669341402e-06 3.8983468526e-04 -3.2966100970e-03 
5.4000000000e-02 -5.0017781970e-06 4.0434324691e-04 -3.4533735802e-03 
5.4400000000e-02 -4.5340911077e-06 4.1895724562e-04 -3.6188224668e-03 
5.4800000000e-02 -4.5638728724e-06 4.3367668140e-04 -3.7929567566e-03 
5.5200000000e-02 -5.0632320153e-06 4.4858416137e-04 -3.9759333948e-03 
5.5600000000e-02 -5.8648196824e-06 4.6417532829e-04 -4.1686940514e-03 
5.6000000000e-02 -6.9407443979e-06 4.8053278931e-04 -4.3713956716e-03 
5.6400000000e-02 -8.2910061618e-06 4.9765654441e-04 -4.5840382552e-03 
5.6800000000e-02 -9.9156049742e-06 5.1554659360e-04 -4.8066218024e-03 
5.7200000000e-02 -1.1803122982e-05 5.3416420167e-04 -5.0392940513e-03 
5.7600000000e-02 -1.3885053066e-05 5.5327695742e-04 -5.2829414322e-03 
5.8000000000e-02 -1.6149977373e-05 5.7284612564e-04 -5.5377116832e-03 
5.8400000000e-02 -1.8597895904e-05 5.9287170634e-04 -5.8036048045e-03 
5.8800000000e-02 -2.1228808657e-05 6.1335369951e-04 -6.0806207959e-03 
5.9200000000e-02 -2.3815836673e-05 6.3446979033e-04 -6.3694851682e-03 
5.9600000000e-02 -2.4997706181e-05 6.5728608986e-04 -6.6745509847e-03 
6.0000000000e-02 -2.4547538219e-05 6.8198028328e-04 -6.9965437560e-03 
6.0400000000e-02 -2.2465332788e-05 7.0855237057e-04 -7.3354634822e-03 
6.0800000000e-02 -1.8751089888e-05 7.3700235175e-04 -7.6913101633e-03 
6.1200000000e-02 -1.4038412600e-05 7.6708378147e-04 -8.0650930032e-03 
6.1600000000e-02 -1.2128919407e-05 7.9731798773e-04 -8.4628672258e-03 
6.2000000000e-02 -1.3656213390e-05 8.2745852519e-04 -8.8856420352e-03 
6.2400000000e-02 -1.8620294550e-05 8.5750539385e-04 -9.3334174314e-03 
6.2800000000e-02 -2.7021162886e-05 8.8745859371e-04 -9.8061934143e-03 
6.3200000000e-02 -3.8192240329e-05 9.1789784980e-04 -1.0302769652e-02 
6.3600000000e-02 -4.8134058463e-05 9.5230151227e-04 -1.0815944152e-02 
6.4000000000e-02 -5.6180039220e-05 9.9124930614e-04 -1.1344516583e-02 
6.4400000000e-02 -6.2330182599e-05 1.0347412314e-03 -1.1888486943e-02 
6.4800000000e-02 -6.6584488600e-05 1.0827772881e-03 -1.2447855235e-02 
6.5200000000e-02 -6.8885167389e-05 1.1345114262e-03 -1.3026367743e-02 
6.5600000000e-02 -6.8885479964e-05 1.1848673459e-03 -1.3646502189e-02 
6.6000000000e-02 -6.6527636491e-05 1.2329989973e-03 -1.4312004858e-02 
6.6400000000e-02 -6.1811636970e-05 1.2789063803e-03 -1.5022875751e-02 
6.6800000000e-02 -5.4737481401e-05 1.3225894949e-03 -1.5779114868e-02 
6.7200000000e-02 -4.5730712714e-05 1.3646294087e-03 -1.6579019712e-02 
6.7600000000e-02 -3.7344588486e-05 1.4085125272e-03 -1.7412375303e-02 
6.8000000000e-02 -3.0004651649e-05 1.4548199179e-03 -1.8277479145e-02 
6.8400000000e-02 -2.3710902201e-05 1.5035515809e-03 -1.9174331237e-02 
6.8800000000e-02 -1.8463340143e-05 1.5547075162e-03 -2.0102931579e-02 
6.9200000000e-02 -1.4473265360e-05 1.6083466282e-03 -2.1067172626e-02 
6.9600000000e-02 -1.3008477163e-05 1.6648223435e-03 -2.2090409097e-02 
7.0000000000e-02 -1.4280275437e-05 1.7241935666e-03 -2.3176533447e-02 
7.0400000000e-02 -1.8288660181e-05 1.7864602975e-03 -2.4325545674e-02 
7.0800000000e-02 -2.5033631396e-05 1.8516225362e-03 -2.5537445780e-02 
7.1200000000e-02 -3.3782346364e-05 1.9191468600e-03 -2.6813254030e-02 
7.1600000000e-02 -4.0137748780e-05 1.9858327333e-03 -2.8159092023e-02 
7.2000000000e-02 -4.3366995925e-05 2.0511467335e-03 -2.9575980025e-02 
7.2400000000e-02 -4.3470087800e-05 2.1150888605e-03 -3.1063918036e-02 
7.2800000000e-02 -4.0447024404e-05 2.1776591144e-03 -3.2622906055e-02 
7.3200000000e-02 -3.5147794092e-05 2.2408903019e-03 -3.4249070813e-02 
7.3600000000e-02 -3.2672326986e-05 2.3169792642e-03 -3.5919172682e-02 
7.4000000000e-02 -3.3870611439e-05 2.4079588079e-03 -3.7629338392e-02 
7.4400000000e-02 -3.8742647452e-05 2.5138289332e-03 -3.9379567943e-02 
7.4800000000e-02 -4.7288435025e-05 2.6345896399e-03 -4.1169861334e-02 
7.5200000000e-02 -6.0031332162e-05 2.7685269486e-03 -4.3019357997e-02 
7.5600000000e-02 -8.0111486882e-05 2.9053569810e-03 -4.5042894520e-02 
7.6000000000e-02 -1.0805225719e-04 3.0433657575e-03 -4.7259610335e-02 
7.6400000000e-02 -1.4385364309e-04 3.1825532782e-03 -4.9669505442e-02 
7.6800000000e-02 -1.8751564457e-04 3.3229195431e-03 -5.2272579840e-02 
7.7200000000e-02 -2.3589108489e-04 3.4631492131e-03 -5.5052633371e-02 
7.7600000000e-02 -2.7009690354e-04 3.5953502551e-03 -5.7912465080e-02 
7.8000000000e-02 -2.8698592379e-04 3.7182073302e-03 -6.0835874807e-02 
7.8400000000e-02 -2.8655814561e-04 3.8317204382e-03 -6.3822862552e-02 
7.8800000000e-02 -2.6881356903e-04 3.9358895794e-03 -6.6873428316e-02 
7.9200000000e-02 -2.3698606496e-04 4.0343688434e-03 -7.0009926165e-02 
7.9600000000e-02 -2.1047885899e-04 4.1490827692e-03 -7.3366480501e-02 
8.0000000000e-02 -1.9252582206e-04 4.2836854468e-03 -7.6965445391e-02 
8.0400000000e-02 -1.8312695416e-04 4.4381768761e-03 -8.0806820834e-02 
8.0800000000e-02 -1.8228225530e-04 4.6125570571e-03 -8.4890606831e-02 
8.1200000000e-02 -1.8981577314e-04 4.8050233595e-03 -8.9199150370e-02 
8.1600000000e-02 -2.0467179365e-04 5.0047600024e-03 -9.3626533386e-02 
8.2000000000e-02 -2.2667436450e-04 5.2099643553e-03 -9.8155102867e-02 
8.2400000000e-02 -2.5582348569e-04 5.4206364185e-03 -1.0278485881e-01 
8.2800000000e-02 -2.9211915721e-04 5.6367761917e-03 -1.0751580123e-01 
8.3200000000e-02 -3.2944624063e-04 5.8558659167e-03 -1.1238821661e-01 
8.3600000000e-02 -3.3111390531e-04 6.0627990430e-03 -1.1764382404e-01 
8.4000000000e-02 -2.9100701281e-04 6.2550578123e-03 -1.2332291002e-01 
8.4400000000e-02 -2.0912556311e-04 6.4326422244e-03 -1.2942547454e-01 
8.4800000000e-02 -8.5469556237e-05 6.5955522795e-03 -1.3595151762e-01 
8.5200000000e-02 7.3985619129e-05 6.7498348390e-03 -1.4288971577e-01 
8.5600000000e-02 2.3338763082e-04 6.9317710718e-03 -1.5017212820e-01 
8.6000000000e-02 3.8676109013e-04 7.1474078395e-03 -1.5778743142e-01 
8.6400000000e-02 5.3410599706e-04 7.3967451420e-03 -1.6573562545e-01 
8.6800000000e-02 6.7542235162e-04 7.6797829794e-03 -1.7401671027e-01 
8.7200000000e-02 8.0452044266e-04 7.9962115013e-03 -1.8261443083e-01 
8.7600000000e-02 8.8426200328e-04 8.3441716060e-03 -1.9143125668e-01 
8.8000000000e-02 9.0845732234e-04 8.7233534432e-03 -2.0045093275e-01 
8.8400000000e-02 8.7710639983e-04 9.1337570129e-03 -2.0967345905e-01 
8.8800000000e-02 7.9020923576e-04 9.5753823151e-03 -2.1909883557e-01 
8.9200000000e-02 6.4947818145e-04 1.0036615671e-02 -2.2882383111e-01 
8.9600000000e-02 4.6518734490e-04 1.0447775010e-02 -2.3942905839e-01 
9.0000000000e-02 2.3904907744e-04 1.0797246654e-02 -2.5101128619e-01 
9.0400000000e-02 -2.8936620938e-05 1.1085030602e-02 -2.6357051453e-01 
9.0800000000e-02 -3.3876975022e-04 1.1311126854e-02 -2.7710674339e-01 
9.1200000000e-02 -6.7338395503e-04 1.1501914435e-02 -2.9151632207e-01 
9.1600000000e-02 -9.3038110298e-04 1.1815667488e-02 -3.0617734628e-01 
9.2000000000e-02 -1.0926948387e-03 1.2278765036e-02 -3.2098616532e-01 
9.2400000000e-02 -1.1603251622e-03 1.2891207080e-02 -3.3594277917e-01 
9.2800000000e-02 -1.1332720734e-03 1.3652993620e-02 -3.5104718784e-01 
9.3200000000e-02 -1.0200333418e-03 1.4541828695e-02 -3.6645285220e-01 
9.3600000000e-02 -8.7159558372e-04 1.5423936545e-02 -3.8308053740e-01 
9.4000000000e-02 -6.9645656868e-04 1.6277021208e-02 -4.0108370432e-01 
9.4400000000e-02 -4.9461629662e-04 1.7101082686e-02 -4.2046235294e-01 
9.4800000000e-02 -2.6607476755e-04 1.7896120977e-02 -4.4121648327e-01 
9.5200000000e-02 -2.1801102048e-05 1.8674118269e-02 -4.6329028338e-01 
9.5600000000e-02 1.7238997643e-04 1.9506967684e-02 -4.8634888163e-01 
9.6000000000e-02 3.0552934732e-04 2.0406651409e-02 -5.1033646608e-01 
9.6400000000e-02 3.7761701060e-04 2.1373169444e-02 -5.3525303673e-01 
9.6800000000e-02 3.8865296629e-04 2.2406521788e-02 -5.6109859358e-01 
9.7200000000e-02 3.4559350772e-04 2.3471483674e-02 -5.8784756209e-01 
9.7600000000e-02 2.9017639497e-04 2.4356706489e-02 -6.1534649490e-01 
9.8000000000e-02 2.2935792140e-04 2.5026965464e-02 -6.4356981748e-01 
9.8400000000e-02 1.6313808699e-04 2.5482260601e-02 -6.7251752981e-01 
9.8800000000e-02 9.1516891753e-05 2.5722591897e-02 -7.0218963190e-01 
9.9200000000e-02 1.1844439080e-05 2.5787224622e-02 -7.3275873404e-01 
9.9600000000e-02 -9.1778650646e-05 2.5911750381e-02 -7.6526049800e-01 
1.0000000000e-01 -2.2200227403e-04 2.6135434440e-02 -7.9986753408e-01 
1.0040000000e-01 -3.7882643107e-04 2.6458276801e-02 -8.3657984227e-01 
1.0080000000e-01 -5.6225112176e-04 2.6880277462e-02 -8.7539742257e-01 
1.0120000000e-01 -7.6371731763e-04 2.7429219483e-02 -9.1614019273e-01 
1.0160000000e-01 -9.3187084775e-04 2.8271801209e-02 -9.5772765914e-01 
1.0200000000e-01 -1.0581526836e-03 2.9435805700e-02 -9.9997973954e-01 
1.0240000000e-01 -1.1425628253e-03 3.0921232955e-02 -1.0428964339e+00 
1.0280000000e-01 -1.1851012727e-03 3.2728082974e-02 -1.0864777423e+00 
1.0320000000e-01 -1.1815038983e-03 3.4816014402e-02 -1.1309629700e+00 
1.0360000000e-01 -1.1061859365e-03 3.6942979115e-02 -1.1777879486e+00 
1.0400000000e-01 -9.5488325968e-04 3.9068635757e-02 -1.2271919834e+00 
1.0440000000e-01 -7.2759586782e-04 4.1192984328e-02 -1.2791750744e+00 
1.0480000000e-01 -4.2432376093e-04 4.3316024829e-02 -1.3337372216e+00 
1.0520000000e-01 -6.1910165987e-05 4.5416134987e-02 -1.3906847411e+00 
1.0560000000e-01 2.5858555526e-04 4.7363581164e-02 -1.4488555291e+00 
1.0600000000e-01 5.2032017584e-04 4.9136741087e-02 -1.5080559016e+00 
1.0640000000e-01 7.2329369576e-04 5.0735614756e-02 -1.5682858587e+00 
1.0680000000e-01 8.6750611501e-04 5.2160202172e-02 -1.6295454004e+00 
1.0720000000e-01 9.3741271876e-04 5.3446182564e-02 -1.6919100913e+00 
1.0760000000e-01 8.3974521795e-04 5.4807631315e-02 -1.7558333198e+00 
1.0800000000e-01 5.5895889773e-04 5.6280227654e-02 -1.8213906505e+00 
1.0840000000e-01 9.5053758105e-05 5.7863971583e-02 -1.8885820834e+00 
1.0880000000e-01 -5.5197020092e-04 5.9558863101e-02 -1.9574076186e+00 
1.0920000000e-01 -1.3474395880e-03 6.1359622604e-02 -2.0278781532e+00 
1.0960000000e-01 -2.0833140552e-03 6.3234572466e-02 -2.1000590706e+00 
1.1000000000e-01 -2.7249202112e-03 6.5178433084e-02 -2.1739612680e+00 
1.1040000000e-01 -3.2722580560e-03 6.7191204457e-02 -2.2495847454e+00 
1.1080000000e-01 -3.7253275895e-03 6.9272886585e-02 -2.3269295028e+00 
1.1120000000e-01 -4.0728057917e-03 7.1427509387e-02 -2.4058485031e+00 
1.1160000000e-01 -4.2467545421e-03 7.3679252376e-02 -2.4854595235e+00 
1.1200000000e-01 -4.2358508204e-03 7.6032145473e-02 -2.5656155269e+00 
1.1240000000e-01 -4.0400946266e-03 7.8486188676e-02 -2.6463165133e+00 
1.1280000000e-01 -3.6594859609e-03 8.1041381985e-02 -2.7275624826e+00 
1.1320000000e-01 -3.1300006530e-03 8.3684257868e-02 -2.8093201478e+00 
1.1360000000e-01 -2.6674936822e-03 8.6334011120e-02 -2.8913897854e+00 
1.1400000000e-01 -2.3079408784e-03 8.8977174208e-02 -2.9737381083e+00 
1.1440000000e-01 -2.0513422415e-03 9.1613747131e-02 -3.0563651164e+00 
1.1480000000e-01 -1.8976977715e-03 9.4243729890e-02 -3.1392708098e+00 
1.1520000000e-01 -1.8354287915e-03 9.6867138527e-02 -3.2223139127e+00 
1.1560000000e-01 -1.7950632397e-03 9.9484069289e-02 -3.3046467713e+00 
1.1600000000e-01 -1.7650224390e-03 1.0209453822e-01 -3.3861281099e+00 
1.1640000000e-01 -1.7453063896e-03 1.0469854532e-01 -3.4667579285e+00 
1.1680000000e-01 -1.7359150914e-03 1.0729609058e-01 -3.5465362271e+00 
1.1720000000e-01 -1.7426673767e-03 1.0990136250e-01 -3.6255039253e+00 
1.1760000000e-01 -1.8004762394e-03 1.1259949197e-01 -3.7039065416e+00 
1.1800000000e-01 -1.9151605120e-03 1.1540466749e-01 -3.7817849955e+00 
1.1840000000e-01 -2.0867201943e-03 1.1831688904e-01 -3.8591392870e+00 
1.1880000000e-01 -2.3151552865e-03 1.2133615664e-01 -3.9359694162e+00 
1.1920000000e-01 -2.5943515173e-03 1.2441433789e-01 -4.0120887131e+00 
1.1960000000e-01 -2.8876232600e-03 1.2726263844e-01 -4.0863771589e+00 
1.2000000000e-01 -3.1888562435e-03 1.2983292590e-01 -4.1586480835e+00 
1.2040000000e-01 -3.4980504677e-03 1.3212520026e-01 -4.2289014869e+00 
1.2080000000e-01 -3.8152059327e-03 1.3413946153e-01 -4.2971373693e+00 
1.2120000000e-01 -4.1225670018e-03 1.3591766693e-01 -4.3632545336e+00 
1.2160000000e-01 -4.3135998549e-03 1.3771155973e-01 -4.4266457980e+00 
1.2200000000e-01 -4.3705488551e-03 1.3956309717e-01 -4.4872099655e+00 
1.2240000000e-01 -4.2934140027e-03 1.4147227923e-01 -4.5449470361e+00 
1.2280000000e-01 -4.0821952975e-03 1.4343910592e-01 -4.5998570098e+00 
1.2320000000e-01 -3.7568944887e-03 1.4544331777e-01 -4.6520574480e+00 
1.2360000000e-01 -3.4375220720e-03 1.4736335797e-01 -4.7022537183e+00 
1.2400000000e-01 -3.1440797966e-03 1.4917896705e-01 -4.7505633822e+00 
1.2440000000e-01 -2.8765676624e-03 1.5089014502e-01 -4.7969864395e+00 
1.2480000000e-01 -2.6349856695e-03 1.5249689186e-01 -4.8415228903e+00 
1.2520000000e-01 -2.4359593017e-03 1.5397755376e-01 -4.8839841060e+00 
1.2560000000e-01 -2.3792414612e-03 1.5520220780e-01 -4.9232383151e+00 
1.2600000000e-01 -2.4814576318e-03 1.5614920016e-01 -4.9590968890e+00 
1.2640000000e-01 -2.7426078136e-03 1.5681853084e-01 -4.9915598277e+00 
1.2680000000e-01 -3.1626920064e-03 1.5721019984e-01 -5.0206271313e+00 
1.2720000000e-01 -3.6798498626e-03 1.5735533154e-01 -5.0464040204e+00 
1.2760000000e-01 -3.9229192950e-03 1.5744067218e-01 -5.0695218195e+00 
1.2800000000e-01 -3.8300399558e-03 1.5749734614e-01 -5.0900857495e+00 
1.2840000000e-01 -3.4012118450e-03 1.5752535343e-01 -5.1080958103e+00 
1.2880000000e-01 -2.6364349626e-03 1.5752469404e-01 -5.1235520019e+00 
1.2920000000e-01 -1.6101490538e-03 1.5748816617e-01 -5.1362948020e+00 
1.2960000000e-01 -7.6899259029e-04 1.5737255902e-01 -5.1453670765e+00 
1.3000000000e-01 -1.8740531732e-04 1.5717067079e-01 -5.1506093033e+00 
1.3040000000e-01 1.3461276512e-04 1.5688250148e-01 -5.1520214821e+00 
1.3080000000e-01 1.9706165704e-04 1.5650805109e-01 -5.1496036132e+00 
1.3120000000e-01 4.0088765154e-05 1.5601984326e-01 -5.1433580802e+00 
1.3160000000e-01 -9.5421470114e-05 1.5525301983e-01 -5.1332991863e+00 
1.3200000000e-01 -1.6932164203e-04 1.5418010444e-01 -5.1194293154e+00 
1.3240000000e-01 -1.8161175060e-04 1.5280109710e-01 -5.1017484675e+00 
1.3280000000e-01 -1.3229179583e-04 1.5111599779e-01 -5.0802566425e+00 
1.3320000000e-01 -1.8744285917e-05 1.4912322430e-01 -5.0551482356e+00 
1.3360000000e-01 1.7473572982e-04 1.4681328319e-01 -5.0275896171e+00 
1.3400000000e-01 4.5076574315e-04 1.4418459224e-01 -4.9977751821e+00 
1.3440000000e-01 8.0934575410e-04 1.4123715144e-01 -4.9657049307e+00 
1.3480000000e-01 1.2504757626e-03 1.3797096080e-01 -4.9313788629e+00 
1.3520000000e-01 1.7122640539e-03 1.3443307234e-01 -4.8944077934e+00 
1.3560000000e-01 1.8233603387e-03 1.3090579819e-01 -4.8524566115e+00 
1.3600000000e-01 1.5218729022e-03 1.2743619038e-01 -4.8051361321e+00 
1.3640000000e-01 8.0780174438e-04 1.2402424891e-01 -4.7524463550e+00 
1.3680000000e-01 -3.1885313481e-04 1.2066997378e-01 -4.6943872805e+00 
1.3720000000e-01 -1.7388189662e-03 1.1737754878e-01 -4.6313528289e+00 
1.3760000000e-01 -2.7364591348e-03 1.1417207669e-01 -4.5657065235e+00 
1.3800000000e-01 -3.1925008716e-03 1.1105774129e-01 -4.4978422849e+00 
1.3840000000e-01 -3.1069441765e-03 1.0803454260e-01 -4.4277601130e+00 
1.3880000000e-01 -2.4797890495e-03 1.0510248060e-01 -4.3554600079e+00 
1.3920000000e-01 -1.4176959028e-03 1.0222935575e-01 -4.2806227557e+00 
1.3960000000e-01 -5.6062720963e-04 9.9221970811e-02 -4.2013330729e+00 
1.4000000000e-01 -1.5243382222e-05 9.6048126223e-02 -4.1172717456e+00 
1.4040000000e-01 2.1845557945e-04 9.2707821990e-02 -4.0284387738e+00 
1.4080000000e-01 1.4046967539e-04 8.9201058112e-02 -3.9348341576e+00 
1.4120000000e-01 -2.2363316362e-04 8.5538718501e-02 -3.8366711438e+00 
1.4160000000e-01 -7.2044535285e-04 8.1786106630e-02 -3.7352292142e+00 
1.4200000000e-01 -1.3243989615e-03 7.7954106411e-02 -3.6307216156e+00 
1.4240000000e-01 -2.0354939896e-03 7.4042717844e-02 -3.5231483481e+00 
1.4280000000e-01 -2.8537304371e-03 7.0051940928e-02 -3.4125094116e+00 
1.4320000000e-01 -3.7206125108e-03 6.6009604622e-02 -3.2988517013e+00 
1.4360000000e-01 -4.2851654510e-03 6.2082682684e-02 -3.1824565876e+00 
1.4400000000e-01 -4.4888934644e-03 5.8299004071e-02 -3.0633709654e+00 
1.4440000000e-01 -4.3317965511e-03 5.4658568784e-02 -2.9415948349e+00 
1.4480000000e-01 -3.8138747110e-03 5.1161376823e-02 -2.8171281961e+00 
1.4520000000e-01 -2.9989091681e-03 4.7810713997e-02 -2.6898580877e+00 
1.4560000000e-01 -2.2695872651e-03 4.4626295153e-02 -2.5591067435e+00 
1.4600000000e-01 -1.6896902262e-03 4.1611406101e-02 -2.4247612022e+00 
1.4640000000e-01 -1.2592180511e-03 3.8766046840e-02 -2.2868214639e+00 
1.4680000000e-01 -9.7817073995e-04 3.6090217371e-02 -2.1452875285e+00 
1.4720000000e-01 -8.2115097448e-04 3.3593330041e-02 -2.0003412544e+00 
1.4760000000e-01 -6.3577484525e-04 3.1331858935e-02 -1.8530737919e+00 
1.4800000000e-01 -3.9664503402e-04 2.9315216401e-02 -1.7036669991e+00 
1.4840000000e-01 -1.0376154078e-04 2.7543402440e-02 -1.5521208762e+00 
1.4880000000e-01 2.4287563447e-04 2.6016417050e-02 -1.3984354231e+00 
1.4920000000e-01 6.0805034820e-04 2.4719546835e-02 -1.2425838343e+00 
1.4960000000e-01 7.8046573934e-04 2.3564511409e-02 -1.0844052761e+00 
1.5000000000e-01 7.2490566436e-04 2.2536597375e-02 -9.2387294292e-01 
1.5040000000e-01 4.4137012326e-04 2.1635804732e-02 -7.6098683483e-01 
1.5080000000e-01 -7.0140883945e-05 2.0862133481e-02 -5.9574695181e-01 
1.5120000000e-01 -7.5052105281e-04 2.0245832384e-02 -4.2816162068e-01 
1.5160000000e-01 -1.2451325566e-03 1.9968394013e-02 -2.5828080251e-01 
1.5200000000e-01 -1.4948690907e-03 2.0060067131e-02 -8.6112824152e-02 
1.5240000000e-01 -1.4997306553e-03 2.0520851736e-02 8.8342314405e-02 
1.5280000000e-01 -1.2597172503e-03 2.1350747829e-02 2.6508461316e-01 
1.5320000000e-01 -8.3069911012e-04 2.2506377067e-02 4.4414409078e-01 
1.5360000000e-01 -5.4789764075e-04 2.3727469387e-02 6.2570085935e-01 
1.5400000000e-01 -4.6718307658e-04 2.4970646446e-02 8.0978493753e-01 
1.5440000000e-01 -5.8855541760e-04 2.6235908243e-02 9.9639632534e-01 
1.5480000000e-01 -9.1201466381e-04 2.7523254779e-02 1.1855350228e+00 
1.5520000000e-01 -1.3910010423e-03 2.8856677123e-02 1.3770629864e+00 
1.5560000000e-01 -1.7461559160e-03 3.0380121697e-02 1.5701519555e+00 
1.5600000000e-01 -1.9309195120e-03 3.2117579569e-02 1.7646638867e+00 
1.5640000000e-01 -1.9452918303e-03 3.4069050740e-02 1.9605987801e+00 
1.5680000000e-01 -1.7892728708e-03 3.6234535211e-02 2.1579566355e+00 
1.5720000000e-01 -1.4809316594e-03 3.8644166610e-02 2.3567802493e+00 
1.5760000000e-01 -1.1286823509e-03 4.1478746717e-02 2.5573263986e+00 
1.5800000000e-01 -7.5059397091e-04 4.4768409163e-02 2.7596378797e+00 
1.5840000000e-01 -3.4666651957e-04 4.8513153947e-02 2.9637146925e+00 
1.5880000000e-01 8.3100003149e-05 5.2712981070e-02 3.1695568372e+00 
1.5920000000e-01 5.1736522066e-04 5.7309812373e-02 3.3771407186e+00 
1.5960000000e-01 8.2808687337e-04 6.1955178911e-02 3.5863247673e+00 
1.6000000000e-01 9.9392458469e-04 6.6591002527e-02 3.7970853881e+00 
1.6040000000e-01 1.0148783546e-03 7.1217283221e-02 4.0094225811e+00 
1.6080000000e-01 8.9094818315e-04 7.5834020991e-02 4.2233363464e+00 
1.6120000000e-01 6.4348984528e-04 8.0447541511e-02 4.4386594541e+00 
1.6160000000e-01 4.0063799093e-04 8.5095798810e-02 4.6543885256e+00 
1.6200000000e-01 1.8374839510e-04 8.9785118558e-02 4.8703563311e+00 
1.6240000000e-01 -7.1789422147e-06 9.4515500757e-02 5.0865628707e+00 
1.6280000000e-01 -1.7214402102e-04 9.9286945405e-02 5.3030081443e+00 
1.6320000000e-01 -3.0071084668e-04 1.0412816280e-01 5.5194909550e+00 
1.6360000000e-01 -3.3026345143e-04 1.0921141475e-01 5.7348041211e+00 
1.6400000000e-01 -2.5036584066e-04 1.1456541155e-01 5.9487464456e+00 
1.6440000000e-01 -6.1018014348e-05 1.2019015320e-01 6.1613179285e+00 
1.6480000000e-01 2.3778002749e-04 1.2608563971e-01 6.3725185699e+00 
1.6520000000e-01 6.1948874639e-04 1.3226552142e-01 6.5824188677e+00 
1.6560000000e-01 9.2487091149e-04 1.3881170047e-01 6.7914418093e+00 
1.6600000000e-01 1.1273869843e-03 1.4573782723e-01 6.9996578926e+00 
1.6640000000e-01 1.2270369649e-03 1.5304390169e-01 7.2070671177e+00 
1.6680000000e-01 1.2238208531e-03 1.6072992386e-01 7.4136694846e+00 
1.6720000000e-01 1.1080482168e-03 1.6869154133e-01 7.6188817009e+00 
1.6760000000e-01 8.2157646217e-04 1.7630263968e-01 7.8192040130e+00 
1.6800000000e-01 3.5471515684e-04 1.8345886652e-01 8.0140531287e+00 
1.6840000000e-01 -2.9253569914e-04 1.9016022185e-01 8.2034290478e+00 
1.6880000000e-01 -1.1201761058e-03 1.9640670566e-01 8.3873317704e+00 
1.6920000000e-01 -2.0469884177e-03 2.0230971054e-01 8.5661078427e+00 
1.6960000000e-01 -2.5856667624e-03 2.0853759199e-01 8.7418365423e+00 
1.7000000000e-01 -2.6549934946e-03 2.1520174260e-01 8.9148644153e+00 
1.7040000000e-01 -2.2549686143e-03 2.2230216236e-01 9.0851914618e+00 
1.7080000000e-01 -1.3855921213e-03 2.2983885129e-01 9.2528176818e+00 
1.7120000000e-01 -1.5272931732e-04 2.3775544573e-01 9.4171213193e+00 
1.7160000000e-01 8.0842798898e-04 2.4571376390e-01 9.5743718387e+00 
1.7200000000e-01 1.3920144961e-03 2.5365744217e-01 9.7239474840e+00 
1.7240000000e-01 1.5980302041e-03 2.6158648053e-01 9.8658482553e+00 
1.7280000000e-01 1.4264751128e-03 2.6950087898e-01 1.0000074152e+01 
1.7320000000e-01 8.7668274643e-04 2.7735091702e-01 1.0126999343e+01 
1.7360000000e-01 -5.5345751273e-05 2.8483827166e-01 1.0248868831e+01 
1.7400000000e-01 -1.3702768563e-03 2.9191322239e-01 1.0366056785e+01 
1.7440000000e-01 -3.0681105686e-03 2.9857576921e-01 1.0478563204e+01 
1.7480000000e-01 -5.1488468882e-03 3.0482591212e-01 1.0586388088e+01 
1.7520000000e-01 -7.4588017800e-03 3.1060887539e-01 1.0689216964e+01 
1.7560000000e-01 -9.0758710332e-03 3.1559600466e-01 1.0785162991e+01 
1.7600000000e-01 -9.8463706127e-03 3.1973252419e-01 1.0873911696e+01 
1.7640000000e-01 -9.7703005184e-03 3.2301843399e-01 1.0955463078e+01 
1.7680000000e-01 -8.8476607503e-03 3.2545373404e-01 1.1029817138e+01 
1.7720000000e-01 -7.1527382168e-03 3.2715083056e-01 1.1096898593e+01 
1.7760000000e-01 -5.1312543672e-03 3.2878416073e-01 1.1156255742e+01 
1.7800000000e-01 -2.8574961099e-03 3.3046613073e-01 1.1207813302e+01 
1.7840000000e-01 -3.3146344482e-04 3.3219674059e-01 1.1251571273e+01 
1.7880000000e-01 2.4468436281e-03 3.3397599028e-01 1.1287529655e+01 
1.7920000000e-01 5.2981589751e-03 3.3579703933e-01 1.1315970883e+01 
1.7960000000e-01 7.1468857951e-03 3.3761884473e-01 1.1338589570e+01 
1.8000000000e-01 7.8137579543e-03 3.3943456601e-01 1.1355668152e+01 
1.8040000000e-01 7.2987754528e-03 3.4124420314e-01 1.1367206628e+01 
1.8080000000e-01 5.6019382906e-03 3.4304775614e-01 1.1373204998e+01 
1.8120000000e-01 2.9703538569e-03 3.4468350364e-01 1.1373346287e+01 
1.8160000000e-01 8.8666648722e-04 3.4518111738e-01 1.1365728647e+01 
1.8200000000e-01 -4.0201642918e-04 3.4437887601e-01 1.1350035101e+01 
1.8240000000e-01 -8.9569489231e-04 3.4227677951e-01 1.1326265651e+01 
1.8280000000e-01 -5.9436890218e-04 3.3887482788e-01 1.1294420296e+01 
1.8320000000e-01 3.9357350384e-04 3.3429447788e-01 1.1254601556e+01 
1.8360000000e-01 1.4178041015e-03 3.2926446992e-01 1.1207424548e+01 
1.8400000000e-01 2.3699348533e-03 3.2390626076e-01 1.1152991792e+01 
1.8440000000e-01 3.2499657593e-03 3.1821985039e-01 1.1091303289e+01 
1.8480000000e-01 4.0578968196e-03 3.1220523881e-01 1.1022359037e+01 
1.8520000000e-01 4.7623002098e-03 3.0600570297e-01 1.0946347562e+01 
1.8560000000e-01 5.1746089843e-03 3.0048090456e-01 1.0864400006e+01 
1.8600000000e-01 5.2633953187e-03 2.9577412054e-01 1.0776704894e+01 
1.8640000000e-01 5.0286592131e-03 2.9188535090e-01 1.0683262227e+01 
1.8680000000e-01 4.4704006676e-03 2.8881459565e-01 1.0584072003e+01 
1.8720000000e-01 3.6074949850e-03 2.8623982641e-01 1.0478651853e+01 
1.8760000000e-01 2.5531939833e-03 2.8222887295e-01 1.0364107561e+01 
1.8800000000e-01 1.3263729654e-03 2.7645970689e-01 1.0239956755e+01 
1.8840000000e-01 -7.2968068557e-05 2.6893232823e-01 1.0106199437e+01 
1.8880000000e-01 -1.6448291187e-03 2.5964673698e-01 9.9628356059e+00 
1.8920000000e-01 -3.2810260329e-03 2.4894261866e-01 9.8106932901e+00 
1.8960000000e-01 -4.3324538992e-03 2.3885808639e-01 9.6547406577e+00 
1.9000000000e-01 -4.6909285657e-03 2.2973282570e-01 9.4958057366e+00 
1.9040000000e-01 -4.3564500322e-03 2.2156683660e-01 9.3338885270e+00 
1.9080000000e-01 -3.3290182988e-03 2.1436011908e-01 9.1689890288e+00 
1.9120000000e-01 -1.7166008264e-03 2.0800760645e-01 9.0004540762e+00 
1.9160000000e-01 -1.6700238040e-04 2.0187889857e-01 8.8243646743e+00 
1.9200000000e-01 1.2118095783e-03 1.9586892874e-01 8.6400676575e+00 
1.9240000000e-01 2.4198350497e-03 1.8997769698e-01 8.4475630256e+00 
1.9280000000e-01 3.4570740339e-03 1.8420520327e-01 8.2468507787e+00 
1.9320000000e-01 4.2642085543e-03 1.7848074735e-01 8.0384872789e+00 
1.9360000000e-01 4.4853307526e-03 1.7238012751e-01 7.8258106993e+00 
1.9400000000e-01 4.0611226523e-03 1.6583264348e-01 7.6093774019e+00 
1.9440000000e-01 2.9915842534e-03 1.5883829527e-01 7.3891873867e+00 
1.9480000000e-01 1.2767155559e-03 1.5139708286e-01 7.1652406539e+00 
1.9520000000e-01 -9.0510104347e-04 1.4360936039e-01 6.9376249731e+00 
1.9560000000e-01 -2.4835711651e-03 1.3607725254e-01 6.7068669632e+00 
1.9600000000e-01 -3.2803124122e-03 1.2890111344e-01 6.4730543941e+00 
1.9640000000e-01 -3.2953247850e-03 1.2208094308e-01 6.2361872658e+00 
1.9680000000e-01 -2.5286082833e-03 1.1561674147e-01 5.9962655783e+00 
1.9720000000e-01 -1.1023896969e-03 1.0950302293e-01 5.7533148817e+00 
1.9760000000e-01 2.4997023619e-04 1.0370687343e-01 5.5074884776e+00 
1.9800000000e-01 1.4062447262e-03 9.8222807312e-02 5.2588119162e+00 
1.9840000000e-01 2.3664337733e-03 9.3050824563e-02 5.0072851975e+00 
1.9880000000e-01 3.1305373773e-03 8.8190925188e-02 4.7529083214e+00 
1.9920000000e-01 3.6721506929e-03 8.3626834732e-02 4.4959413731e+00 
1.9960000000e-01 3.8328446477e-03 7.9260906480e-02 4.2379448625e+00 
2.0000000000e-01 3.5862143964e-03 7.5076865978e-02 3.9791788748e+00 
2.0040000000e-01 2.9322599388e-03 7.1074713227e-02 3.7196434098e+00 
2.0080000000e-01 1.8709812751e-03 6.7254448226e-02 3.4593384677e+00 
2.0120000000e-01 4.9679315329e-04 6.3637089323e-02 3.1982005256e+00 
2.0160000000e-01 -6.2381593867e-04 6.0348746598e-02 2.9358484473e+00 
2.0200000000e-01 -1.3964312527e-03 5.7410438400e-02 2.6722187100e+00 
2.0240000000e-01 -1.8210527889e-03 5.4822164726e-02 2.4073113136e+00 
2.0280000000e-01 -1.8976805471e-03 5.2583925579e-02 2.1411262582e+00 
2.0320000000e-01 -1.6719881553e-03 5.0684589724e-02 1.8738100073e+00 
2.0360000000e-01 -1.4180173806e-03 4.9057369772e-02 1.6062413418e+00 
2.0400000000e-01 -1.1814418509e-03 4.7691134489e-02 1.3385667251e+00 
2.0440000000e-01 -9.6226156619e-04 4.6585883875e-02 1.0707861572e+00 
2.0480000000e-01 -7.6047652643e-04 4.5741617930e-02 8.0289963825e-01 
2.0520000000e-01 -5.7493856791e-04 4.5150220221e-02 5.3493851045e-01 
2.0560000000e-01 -3.9875870815e-04 4.4762992141e-02 2.6709082793e-01 
2.0600000000e-01 -2.3078878340e-04 4.4571817256e-02 -6.1206696904e-04 
2.0640000000e-01 -7.1028793659e-05 4.4576695565e-02 -2.6817017425e-01 
2.0680000000e-01 8.0521261065e-05 4.4777627070e-02 -5.3558349391e-01 
2.0720000000e-01 2.1968694176e-04 4.5200221029e-02 -8.0285747614e-01 
2.0760000000e-01 3.2142161434e-04 4.5998133000e-02 -1.0700248220e+00 
2.0800000000e-01 3.8155083979e-04 4.7196972242e-02 -1.3370909817e+00 
2.0840000000e-01 4.0007461811e-04 4.8796738756e-02 -1.6040559553e+00 
2.0880000000e-01 3.7699294929e-04 5.0797432542e-02 -1.8709197426e+00 
2.0920000000e-01 3.2114958340e-04 5.3174766508e-02 -2.1376245142e+00 
2.0960000000e-01 2.8560702075e-04 5.5783018098e-02 -2.4038232917e+00 
2.1000000000e-01 2.7920901138e-04 5.8597900221e-02 -2.6694582456e+00 
2.1040000000e-01 3.0195555531e-04 6.1619412876e-02 -2.9345293759e+00 
2.1080000000e-01 3.5384665253e-04 6.4847556065e-02 -3.1990366825e+00 
2.1120000000e-01 4.5616596440e-04 6.8291079829e-02 -3.4627959528e+00 
2.1160000000e-01 7.3661545907e-04 7.2002484434e-02 -3.7247019116e+00 
2.1200000000e-01 1.2164787979e-03 7.5990519923e-02 -3.9845703463e+00 
2.1240000000e-01 1.8957559809e-03 8.0255186296e-02 -4.2424012568e+00 
2.1280000000e-01 2.7744470081e-03 8.4796483553e-02 -4.4981946432e+00 
2.1320000000e-01 3.7968796231e-03 8.9627496408e-02 -4.7520519531e+00 
2.1360000000e-01 4.6290202882e-03 9.4826733148e-02 -5.0045818723e+00 
2.1400000000e-01 5.2151967470e-03 1.0040727849e-01 -5.2558858483e+00 
2.1440000000e-01 5.5554089996e-03 1.0636913242e-01 -5.5059638812e+00 
2.1480000000e-01 5.6496570459e-03 1.1271229496e-01 -5.7548159710e+00 
2.1520000000e-01 5.4403656667e-03 1.1942363010e-01 -6.0019817970e+00 
2.1560000000e-01 4.5820835468e-03 1.2642432194e-01 -6.2446994353e+00 
2.1600000000e-01 3.0172354670e-03 1.3370123447e-01 -6.4825085653e+00 
2.1640000000e-01 7.4582142731e-04 1.4125436771e-01 -6.7154091869e+00 
2.1680000000e-01 -2.2321585723e-03 1.4908372165e-01 -6.9434013001e+00 
2.1720000000e-01 -5.7147756073e-03 1.5711595094e-01 -7.1666546317e+00 
2.1760000000e-01 -8.4904561304e-03 1.6491098346e-01 -7.3861875417e+00 
2.1800000000e-01 -1.0357271217e-02 1.7239547387e-01 -7.6021697568e+00 
2.1840000000e-01 -1.1315220867e-02 1.7956942216e-01 -7.8146012770e+00 
2.1880000000e-01 -1.1364305080e-02 1.8643282833e-01 -8.0234821023e+00 
2.1920000000e-01 -1.0546787343e-02 1.9299813490e-01 -8.2285625428e+00 
2.1960000000e-01 -9.1162485711e-03 1.9933999702e-01 -8.4283444583e+00 
2.2000000000e-01 -7.1149522496e-03 2.0547085721e-01 -8.6225781590e+00 
2.2040000000e-01 -4.5428983788e-03 2.1139071546e-01 -8.8112636447e+00 
2.2080000000e-01 -1.4000869586e-03 2.1709957179e-01 -8.9944009155e+00 
2.2120000000e-01 2.1416144823e-03 2.2272583481e-01 -9.1718675837e+00 
2.2160000000e-01 5.0510007736e-03 2.2903995638e-01 -9.3429293230e+00 
2.2200000000e-01 7.1562043868e-03 2.3617034512e-01 -9.5074637458e+00 
2.2240000000e-01 8.4572253218e-03 2.4411700103e-01 -9.6654708520e+00 
2.2280000000e-01 8.9540635788e-03 2.5287992412e-01 -9.8169506416e+00 
2.2320000000e-01 8.7951481387e-03 2.6228243742e-01 -9.9617308979e+00 
2.2360000000e-01 8.8710528884e-03 2.7126447918e-01 -1.0098778321e+01 
2.2400000000e-01 9.3302068090e-03 2.7964937243e-01 -1.0227920694e+01 
2.2440000000e-01 1.0172609900e-02 2.8743711718e-01 -1.0349158018e+01 
2.2480000000e-01 1.1398262163e-02 2.9462771342e-01 -1.0462490291e+01 
2.2520000000e-01 1.2859267289e-02 3.0120041906e-01 -1.0568307294e+01 
2.2560000000e-01 1.3668247440e-02 3.0703078150e-01 -1.0668947701e+01 
2.2600000000e-01 1.3677306308e-02 3.1209805865e-01 -1.0764801292e+01 
2.2640000000e-01 1.2886443894e-02 3.1640225051e-01 -1.0855868066e+01 
2.2680000000e-01 1.1295660198e-02 3.1994335707e-01 -1.0942148025e+01 
2.2720000000e-01 9.0175113720e-03 3.2280632914e-01 -1.1023064405e+01 
2.2760000000e-01 6.7273343292e-03 3.2550087152e-01 -1.1095156631e+01 
2.2800000000e-01 4.5376852222e-03 3.2811193501e-01 -1.1157847941e+01 
2.2840000000e-01 2.4485640509e-03 3.3063951962e-01 -1.1211138335e+01 
2.2880000000e-01 4.5997081531e-04 3.3308362533e-01 -1.1255027813e+01 
2.2920000000e-01 -1.4384828525e-03 3.3538794933e-01 -1.1289888599e+01 
2.2960000000e-01 -3.3091271605e-03 3.3721467469e-01 -1.1317954041e+01 
2.3000000000e-01 -5.1623504765e-03 3.3850749859e-01 -1.1339596363e+01 
2.3040000000e-01 -6.9981528005e-03 3.3926642102e-01 -1.1354815565e+01 
2.3080000000e-01 -8.8165341326e-03 3.3949144199e-01 -1.1363611647e+01 
2.3120000000e-01 -1.0434448579e-02 3.3923051234e-01 -1.1365958358e+01 
2.3160000000e-01 -1.0753620778e-02 3.3877133707e-01 -1.1361698186e+01 
2.3200000000e-01 -9.5910048349e-03 3.3816186702e-01 -1.1350804882e+01 
2.3240000000e-01 -6.9466007504e-03 3.3740210220e-01 -1.1333278444e+01 
2.3280000000e-01 -2.8204085245e-03 3.3649204259e-01 -1.1309118874e+01 
2.3320000000e-01 2.4265333769e-03 3.3541785365e-01 -1.1278261355e+01 
2.3360000000e-01 6.6279941569e-03 3.3409652801e-01 -1.1240317006e+01 
2.3400000000e-01 9.4229353495e-03 3.3251423112e-01 -1.1195221011e+01 
2.3440000000e-01 1.0811356955e-02 3.3067096298e-01 -1.1142973370e+01 
2.3480000000e-01 1.0793258972e-02 3.2856672358e-01 -1.1083574084e+01 
2.3520000000e-01 9.6102645041e-03 3.2612708909e-01 -1.1017031753e+01 
2.3560000000e-01 8.7121121616e-03 3.2290551647e-01 -1.0943397980e+01 
2.3600000000e-01 8.3404250463e-03 3.1882758189e-01 -1.0862681365e+01 
2.3640000000e-01 8.4952031583e-03 3.1389328535e-01 -1.0774881907e+01 
2.3680000000e-01 9.1764464977e-03 3.0810262685e-01 -1.0679999608e+01 
2.3720000000e-01 1.0232441070e-02 3.0155766425e-01 -1.0578276305e+01 
2.3760000000e-01 1.0752902910e-02 2.9487074481e-01 -1.0471163029e+01 
2.3800000000e-01 1.0586118024e-02 2.8814392639e-01 -1.0358901618e+01 
2.3840000000e-01 9.7320864114e-03 2.8137720900e-01 -1.0241492072e+01 
2.3880000000e-01 8.1908080723e-03 2.7457059264e-01 -1.0118934392e+01 
2.3920000000e-01 6.1100435590e-03 2.6775020067e-01 -9.9909914285e+00 
2.3960000000e-01 4.3763561857e-03 2.6107277334e-01 -9.8562402964e+00 
2.4000000000e-01 3.1375065046e-03 2.5456443401e-01 -9.7144438475e+00 
2.4040000000e-01 2.3934945157e-03 2.4822518269e-01 -9.5656020820e+00 
2.4080000000e-01 2.1443202191e-03 2.4205501937e-01 -9.4097149998e+00 
2.4120000000e-01 2.3072083227e-03 2.3597971122e-01 -9.2471768167e+00 
2.4160000000e-01 2.3855070743e-03 2.2955386119e-01 -9.0803528275e+00 
2.4200000000e-01 2.2964411819e-03 2.2270323645e-01 -8.9096372481e+00 
2.4240000000e-01 2.0400106455e-03 2.1542783698e-01 -8.7350300785e+00 
2.4280000000e-01 1.6162154651e-03 2.0772766280e-01 -8.5565313186e+00 
2.4320000000e-01 1.0544102483e-03 1.9966538141e-01 -8.3741924101e+00 
2.4360000000e-01 5.3072264083e-04 1.9161699785e-01 -8.1883220026e+00 
2.4400000000e-01 7.4507250244e-05 1.8364517964e-01 -7.9989715377e+00 
2.4440000000e-01 -3.1423592344e-04 1.7574992677e-01 -7.8061410153e+00 
2.4480000000e-01 -6.3550688021e-04 1.6793123924e-01 -7.6098304356e+00 
2.4520000000e-01 -8.7886481016e-04 1.6021885704e-01 -7.4101546448e+00 
2.4560000000e-01 -9.8166485376e-04 1.5279122011e-01 -7.2078027218e+00 
2.4600000000e-01 -9.3346620110e-04 1.4567806845e-01 -7.0028895130e+00 
2.4640000000e-01 -7.3426885218e-04 1.3887940205e-01 -6.7954150185e+00 
2.4680000000e-01 -3.8407280700e-04 1.3239522092e-01 -6.5853792381e+00 
2.4720000000e-01 9.4911150813e-05 1.2619254354e-01 -6.3730453340e+00 
2.4760000000e-01 5.6941831943e-04 1.2007348089e-01 -6.1599922783e+00 
2.4800000000e-01 1.0172379152e-03 1.1400505147e-01 -5.9464832330e+00 
2.4840000000e-01 1.4383699382e-03 1.0798725526e-01 -5.7325181982e+00 
2.4880000000e-01 1.8328143883e-03 1.0202009229e-01 -5.5180971739e+00 
2.4920000000e-01 2.1748166814e-03 9.6127756463e-02 -5.3032398512e+00 
2.4960000000e-01 2.3098493117e-03 9.0455411376e-02 -5.0880643767e+00 
2.5000000000e-01 2.2121576951e-03 8.5027250956e-02 -4.8725904417e+00 
2.5040000000e-01 1.8817418315e-03 7.9843275204e-02 -4.6568180461e+00 
2.5080000000e-01 1.3186017210e-03 7.4903484118e-02 -4.4407471900e+00 
2.5120000000e-01 5.7248534811e-04 7.0238481405e-02 -4.2246547765e+00 
2.5160000000e-01 -5.8119379523e-05 6.6031889290e-02 -4.0102022252e+00 
2.5200000000e-01 -5.2346447729e-04 6.2314311479e-02 -3.7976664393e+00 
2.5240000000e-01 -8.2354994518e-04 5.9085747971e-02 -3.5870474189e+00 
2.5280000000e-01 -9.5837578321e-04 5.6346198766e-02 -3.3783451638e+00 
2.5320000000e-01 -9.6006609002e-04 5.4008599054e-02 -3.1714633114e+00 
2.5360000000e-01 -1.0213654575e-03 5.1550559970e-02 -2.9658236851e+00 
2.5400000000e-01 -1.1743979842e-03 4.8885016702e-02 -2.7613299221e+00 
2.5440000000e-01 -1.4191636702e-03 4.6011969252e-02 -2.5579820224e+00 
2.5480000000e-01 -1.7556625155e-03 4.2931417618e-02 -2.3557799861e+00 
2.5520000000e-01 -2.1508422464e-03 3.9690179646e-02 -2.1548861688e+00 
2.5560000000e-01 -2.4063892210e-03 3.6569162408e-02 -1.9562747053e+00 
2.5600000000e-01 -2.4892511656e-03 3.3615183747e-02 -1.7601079515e+00 
2.5640000000e-01 -2.3994280802e-03 3.0828243665e-02 -1.5663859072e+00 
2.5680000000e-01 -2.1369199649e-03 2.8208342160e-02 -1.3751085726e+00 
2.5720000000e-01 -1.7372416401e-03 2.5774278668e-02 -1.1861996119e+00 
2.5760000000e-01 -1.4134820290e-03 2.3638849794e-02 -9.9920101096e-01 
2.5800000000e-01 -1.2011559522e-03 2.1820854970e-02 -8.1403643402e-01 
2.5840000000e-01 -1.1002634097e-03 2.0320294199e-02 -6.3070588112e-01 
2.5880000000e-01 -1.1108044014e-03 1.9137167479e-02 -4.4920935224e-01 
2.5920000000e-01 -1.1932669375e-03 1.8312828365e-02 -2.6963371141e-01 
2.5960000000e-01 -1.1105790784e-03 1.8095398188e-02 -9.2500142675e-02 
2.6000000000e-01 -8.2322883418e-04 1.8526230502e-02 8.2104489965e-02 
2.6040000000e-01 -3.3121620492e-04 1.9605325308e-02 2.5418018651e-01 
2.6080000000e-01 3.6545880942e-04 2.1332682605e-02 4.2372694695e-01 
2.6120000000e-01 1.2005983386e-03 2.3593085288e-02 5.9083626861e-01 
2.6160000000e-01 1.7770151610e-03 2.5695230722e-02 7.5605713541e-01 
2.6200000000e-01 2.0285114065e-03 2.7523901801e-02 9.1948104467e-01 
2.6240000000e-01 1.9550870750e-03 2.9079098525e-02 1.0811079964e+00 
2.6280000000e-01 1.5567421665e-03 3.0360820895e-02 1.2409379905e+00 
2.6320000000e-01 8.8870911405e-04 3.1411586504e-02 1.3988249082e+00 
2.6360000000e-01 2.8238251537e-04 3.2486500920e-02 1.5538920354e+00 
2.6400000000e-01 -2.0700519656e-04 3.3628081736e-02 1.7059932532e+00 
2.6440000000e-01 -5.7945402174e-04 3.4836328952e-02 1.8551285615e+00 
2.6480000000e-01 -8.3496396018e-04 3.6111242569e-02 2.0012979604e+00 
2.6520000000e-01 -1.0078856235e-03 3.7526995823e-02 2.1444538943e+00 
2.6560000000e-01 -1.3043226813e-03 3.9528628130e-02 2.2843110292e+00 
2.6600000000e-01 -1.7586257452e-03 4.2190312728e-02 2.4208218097e+00 
2.6640000000e-01 -2.3707948152e-03 4.5512049616e-02 2.5539862356e+00 
2.6680000000e-01 -3.1408298914e-03 4.9493838794e-02 2.6838043070e+00 
2.6720000000e-01 -4.0094792366e-03 5.4027747210e-02 2.8104879384e+00 
2.6760000000e-01 -4.6212324281e-03 5.8466176545e-02 2.9353086167e+00 
2.6800000000e-01 -4.9168377287e-03 6.2701193747e-02 3.0584782562e+00 
2.6840000000e-01 -4.8962951386e-03 6.6732798815e-02 3.1799968571e+00 
2.6880000000e-01 -4.5596046576e-03 7.0560991751e-02 3.2998644193e+00 
2.6920000000e-01 -3.9419130666e-03 7.4136032890e-02 3.4176281222e+00 
2.6960000000e-01 -3.2541010499e-03 7.7159484256e-02 3.5305710418e+00 
2.7000000000e-01 -2.5313153883e-03 7.9581606187e-02 3.6382403574e+00 
2.7040000000e-01 -1.7735560817e-03 8.1402398683e-02 3.7406360691e+00 
2.7080000000e-01 -9.8082313019e-04 8.2621861742e-02 3.8377581768e+00 
2.7120000000e-01 -1.8405709909e-04 8.3395576364e-02 3.9298993504e+00 
2.7160000000e-01 4.3109861939e-04 8.4657028535e-02 4.0188156083e+00 
2.7200000000e-01 8.3370345989e-04 8.6561799253e-02 4.1047996203e+00 
2.7240000000e-01 1.0237574224e-03 8.9109888518e-02 4.1878513865e+00 
2.7280000000e-01 1.0012605069e-03 9.2301296330e-02 4.2679709068e+00 
2.7320000000e-01 7.9543547971e-04 9.6093096619e-02 4.3452172589e+00 
2.7360000000e-01 5.8161893800e-04 1.0022773297e-01 4.4199449092e+00 
2.7400000000e-01 3.8903364802e-04 1.0466227930e-01 4.4922129354e+00 
2.7440000000e-01 2.1767960977e-04 1.0939673563e-01 4.5620213374e+00 
2.7480000000e-01 6.7556823244e-05 1.1443110195e-01 4.6293701154e+00 
2.7520000000e-01 -5.3551961410e-05 1.1967467247e-01 4.6938720459e+00 
2.7560000000e-01 -9.8950243373e-05 1.2458321253e-01 4.7532037897e+00 
2.7600000000e-01 -6.0855272508e-05 1.2906601634e-01 4.8069781233e+00 
2.7640000000e-01 6.0732951185e-05 1.3312308391e-01 4.8551950467e+00 
2.7680000000e-01 2.6581442771e-04 1.3675441524e-01 4.8978545601e+00 
2.7720000000e-01 5.1196011877e-04 1.3997806403e-01 4.9353031717e+00 
2.7760000000e-01 5.4459579465e-04 1.4290235258e-01 4.9696199320e+00 
2.7800000000e-01 3.2129241708e-04 1.4554533461e-01 5.0011513494e+00 
2.7840000000e-01 -1.5795001395e-04 1.4790701011e-01 5.0298974238e+00 
2.7880000000e-01 -8.9313149844e-04 1.4998737909e-01 5.0558581553e+00 
2.7920000000e-01 -1.8119185536e-03 1.5180182756e-01 5.0789756073e+00 
2.7960000000e-01 -2.4803102831e-03 1.5344267159e-01 5.0989021601e+00 
2.8000000000e-01 -2.8259732040e-03 1.5492529720e-01 5.1155798770e+00 
2.8040000000e-01 -2.8489073165e-03 1.5624970440e-01 5.1290087582e+00 
2.8080000000e-01 -2.5491126205e-03 1.5741589317e-01 5.1391888036e+00 
2.8120000000e-01 -2.0142782557e-03 1.5840144843e-01 5.1460500788e+00 
2.8160000000e-01 -1.7705390610e-03 1.5907187965e-01 5.1491729774e+00 
2.8200000000e-01 -1.9055841760e-03 1.5940477174e-01 5.1484875651e+00 
2.8240000000e-01 -2.4194136009e-03 1.5940012469e-01 5.1439938419e+00 
2.8280000000e-01 -3.3120273355e-03 1.5905793851e-01 5.1356918078e+00 
2.8320000000e-01 -4.5273057008e-03 1.5844684054e-01 5.1236962555e+00 
2.8360000000e-01 -5.7285306218e-03 1.5797859490e-01 5.1086959423e+00 
2.8400000000e-01 -6.8595824192e-03 1.5772182892e-01 5.0908056609e+00 
2.8440000000e-01 -7.9204610932e-03 1.5767654261e-01 5.0700254114e+00 
2.8480000000e-01 -8.9111666437e-03 1.5784273597e-01 5.0463551937e+00 
2.8520000000e-01 -9.7328225214e-03 1.5814263969e-01 5.0198506893e+00 
2.8560000000e-01 -9.7921694314e-03 1.5810963793e-01 4.9908459867e+00 
2.8600000000e-01 -8.9903308244e-03 1.5766596139e-01 4.9593967674e+00 
2.8640000000e-01 -7.3273067004e-03 1.5681161007e-01 4.9255030314e+00 
2.8680000000e-01 -4.8030970594e-03 1.5554658396e-01 4.8891647787e+00 
2.8720000000e-01 -1.6162045225e-03 1.5392208290e-01 4.8502208988e+00 
2.8760000000e-01 1.0423551840e-03 1.5224530587e-01 4.8077047286e+00 
2.8800000000e-01 2.9740794389e-03 1.5056745272e-01 4.7614551578e+00 
2.8840000000e-01 4.1789682424e-03 1.4888852343e-01 4.7114721862e+00 
2.8880000000e-01 4.6570215944e-03 1.4720851800e-01 4.6577558140e+00 
2.8920000000e-01 4.4770312506e-03 1.4549731276e-01 4.6006093291e+00 
2.8960000000e-01 4.0517477456e-03 1.4357416557e-01 4.5418524599e+00 
2.9000000000e-01 3.4499628350e-03 1.4140895274e-01 4.4817884946e+00 
2.9040000000e-01 2.6716765190e-03 1.3900167427e-01 4.4204174331e+00 
2.9080000000e-01 1.7168887974e-03 1.3635233017e-01 4.3577392754e+00 
2.9120000000e-01 6.4487201683e-04 1.3350991522e-01 4.2936309308e+00 
2.9160000000e-01 -1.8873974363e-04 1.3076839817e-01 4.2273538545e+00 
2.9200000000e-01 -7.2467413748e-04 1.2817677381e-01 4.1587849557e+00 
2.9240000000e-01 -9.6293116471e-04 1.2573504213e-01 4.0879242346e+00 
2.9280000000e-01 -9.0351082532e-04 1.2344320315e-01 4.0147716910e+00 
2.9320000000e-01 -5.9185468420e-04 1.2126958676e-01 3.9394905548e+00 
2.9360000000e-01 -3.0061213062e-04 1.1902417248e-01 3.8630602050e+00 
2.9400000000e-01 -7.5224729469e-05 1.1667529022e-01 3.7856438714e+00 
2.9440000000e-01 8.4307519257e-05 1.1422293998e-01 3.7072415541e+00 
2.9480000000e-01 1.7798461556e-04 1.1166712175e-01 3.6278532530e+00 
2.9520000000e-01 2.0515508992e-04 1.0901408171e-01 3.5475438751e+00 
2.9560000000e-01 1.6191012527e-04 1.0630129687e-01 3.4667028614e+00 
2.9600000000e-01 4.7598252079e-05 1.0353501339e-01 3.3853951190e+00 
2.9640000000e-01 -1.3778052964e-04 1.0071523128e-01 3.3036206477e+00 
2.9680000000e-01 -3.9422621989e-04 9.7841950539e-02 3.2213794477e+00 
2.9720000000e-01 -7.0315215302e-04 9.4933413212e-02 3.1387336746e+00 
2.9760000000e-01 -9.5303833519e-04 9.2099071598e-02 3.0560562631e+00 
2.9800000000e-01 -1.1252981008e-03 8.9357167744e-02 2.9734093691e+00 
2.9840000000e-01 -1.2199314497e-03 8.6707701652e-02 2.8907929925e+00 
2.9880000000e-01 -1.2369383821e-03 8.4150673320e-02 2.8082071334e+00 
2.9920000000e-01 -1.1738477887e-03 8.1680444950e-02 2.7257852611e+00 
2.9960000000e-01 -1.0158330147e-03 7.9263189748e-02 2.6443281923e+00 
3.0000000000e-01 -7.6042295086e-04 7.6893269914e-02 2.5639693965e+00 
3.0040000000e-01 -4.0761759728e-04 7.4570685449e-02 2.4847088736e+00 
3.0080000000e-01 4.2583046076e-05 7.2295436352e-02 2.4065466237e+00 
3.0120000000e-01 5.4730636578e-04 7.0064001249e-02 2.3294515941e+00 
3.0160000000e-01 8.4931668132e-04 6.7855251885e-02 2.2532374687e+00 
3.0200000000e-01 9.0574137926e-04 6.5665666887e-02 2.1778731949e+00 
3.0240000000e-01 7.1658045960e-04 6.3495246253e-02 2.1033587727e+00 
3.0280000000e-01 2.8183392235e-04 6.1343989985e-02 2.0296942021e+00 
3.0320000000e-01 -3.3451980618e-04 5.9191899271e-02 1.9570571066e+00 
3.0360000000e-01 -7.4861016806e-04 5.6918981256e-02 1.8865132270e+00 
3.0400000000e-01 -8.9645873697e-04 5.4505237131e-02 1.8182401869e+00 
3.0440000000e-01 -7.7806551293e-04 5.1950666895e-02 1.7522379862e+00 
3.0480000000e-01 -3.9343049593e-04 4.9255270548e-02 1.6885066249e+00 
3.0520000000e-01 1.8304714715e-04 4.6493303070e-02 1.6268404968e+00 
3.0560000000e-01 5.0497241508e-04 4.4110294345e-02 1.5660059638e+00 
3.0600000000e-01 4.9794614097e-04 4.2180499353e-02 1.5057974197e+00 
3.0640000000e-01 1.6196832482e-04 4.0703918093e-02 1.4462148644e+00 
3.0680000000e-01 -5.0296103335e-04 3.9680550566e-02 1.3872582979e+00 
3.0720000000e-01 -1.4337563450e-03 3.9060550783e-02 1.3292298105e+00 
3.0760000000e-01 -2.2519040785e-03 3.8544842807e-02 1.2739419434e+00 
3.0800000000e-01 -2.8943186453e-03 3.8083580650e-02 1.2216967868e+00 
3.0840000000e-01 -3.3610000454e-03 3.7676764311e-02 1.1724943407e+00 
3.0880000000e-01 -3.6519482789e-03 3.7324393791e-02 1.1263346051e+00 
3.0920000000e-01 -3.7683071254e-03 3.7007539763e-02 1.0829104306e+00 
3.0960000000e-01 -3.7169392633e-03 3.6612626270e-02 1.0403789216e+00 
3.1000000000e-01 -3.4989884724e-03 3.6120723984e-02 9.9843292858e-01 
3.1040000000e-01 -3.1144547527e-03 3.5531832906e-02 9.5707245163e-01 
3.1080000000e-01 -2.5633381041e-03 3.4845953036e-02 9.1629749074e-01 
3.1120000000e-01 -1.8731490445e-03 3.4035098864e-02 8.7623396643e-01 
3.1160000000e-01 -1.2089506804e-03 3.2931357328e-02 8.3763740182e-01 
3.1200000000e-01 -5.9825352957e-04 3.1506742918e-02 8.0063371744e-01 
3.1240000000e-01 -4.1057592060e-05 2.9761255634e-02 7.6522291329e-01 
3.1280000000e-01 4.6263713215e-04 2.7694895476e-02 7.3140498937e-01 
3.1320000000e-01 8.9571682482e-04 2.5396817358e-02 6.9915182271e-01 
3.1360000000e-01 1.1554985764e-03 2.3401950762e-02 6.6829467554e-01 
3.1400000000e-01 1.2248685688e-03 2.1799450602e-02 6.3880542491e-01 
3.1440000000e-01 1.1038268018e-03 2.0589316878e-02 6.1068407081e-01 
3.1480000000e-01 7.9237327561e-04 1.9771549589e-02 5.8393061325e-01 
3.1520000000e-01 3.2872174535e-04 1.9300547821e-02 5.5846885704e-01 
3.1560000000e-01 -5.7845257360e-05 1.8902706083e-02 5.3384163109e-01 
3.1600000000e-01 -3.2911397728e-04 1.8532423459e-02 5.0997274020e-01 
3.1640000000e-01 -4.8508441439e-04 1.8189699949e-02 4.8686218438e-01 
3.1680000000e-01 -5.2575656871e-04 1.7874535554e-02 4.6450996363e-01 
3.1720000000e-01 -4.6598333034e-04 1.7569594703e-02 4.4295677471e-01 
3.1760000000e-01 -3.9488203998e-04 1.7170863976e-02 4.2244679827e-01 
3.1800000000e-01 -3.2730558774e-04 1.6661007801e-02 4.0302073106e-01 
3.1840000000e-01 -2.6325397363e-04 1.6040026180e-02 3.8467857308e-01 
3.1880000000e-01 -2.0272719763e-04 1.5307919112e-02 3.6742032434e-01 
3.1920000000e-01 -1.4581024409e-04 1.4489643140e-02 3.5117767662e-01 
3.1960000000e-01 -9.3013019040e-05 1.3734937525e-02 3.3554078058e-01 
3.2000000000e-01 -4.4420506810e-05 1.3068758810e-02 3.2044132802e-01 
3.2040000000e-01 -3.2707402543e-08 1.2491106995e-02 3.0587931892e-01 
3.2080000000e-01 4.0150379182e-05 1.2001982079e-02 2.9185475329e-01 
3.2120000000e-01 7.2833807215e-05 1.1589109860e-02 2.7837702400e-01 
3.2160000000e-01 7.8247902318e-05 1.1178845111e-02 2.6550248825e-01 
3.2200000000e-01 5.3097718762e-05 1.0758913628e-02 2.5324053891e-01 
3.2240000000e-01 -2.6167434530e-06 1.0329315411e-02 2.4159117598e-01 
3.2280000000e-01 -8.8895484327e-05 9.8900504612e-03 2.3055439946e-01 
3.2320000000e-01 -1.9623010657e-04 9.4477967888e-03 2.2009873246e-01 
3.2360000000e-01 -2.6757022644e-04 9.0426224621e-03 2.1003531361e-01 
3.2400000000e-01 -2.9340744665e-04 8.6812054924e-03 2.0033266602e-01 
3.2440000000e-01 -2.7374176720e-04 8.3635458798e-03 1.9099078969e-01 
3.2480000000e-01 -2.0857318808e-04 8.0896436242e-03 1.8200968462e-01 
3.2520000000e-01 -1.0736093295e-04 7.8538790635e-03 1.7339460504e-01 
3.2560000000e-01 -2.6860343619e-05 7.6225342245e-03 1.6517707633e-01 
3.2600000000e-01 2.3469356265e-05 7.3899894451e-03 1.5736235272e-01 
3.2640000000e-01 4.3628166704e-05 7.1562447252e-03 1.4995043422e-01 
3.2680000000e-01 3.3616087698e-05 6.9213000649e-03 1.4294132081e-01 
3.2720000000e-01 -1.2570808029e-06 6.6863495511e-03 1.3632014385e-01 
3.2760000000e-01 -2.9132539098e-05 6.4585577060e-03 1.2999769137e-01 
3.2800000000e-01 -4.4700487237e-05 6.2391186166e-03 1.2395909469e-01 
3.2840000000e-01 -4.7960925221e-05 6.0280322828e-03 1.1820435384e-01 
3.2880000000e-01 -3.8913853049e-05 5.8252987048e-03 1.1273346879e-01 
3.2920000000e-01 -2.0202992541e-05 5.6302725766e-03 1.0753670597e-01 
3.2960000000e-01 -7.6906746116e-06 5.4390820632e-03 1.0255566377e-01 
3.3000000000e-01 -4.0206210796e-06 5.2510818587e-03 9.7780608616e-02 
3.3040000000e-01 -9.1928319452e-06 5.0662719631e-03 9.3211540493e-02 
3.3080000000e-01 -2.3207307208e-05 4.8846523764e-03 8.8848459406e-02 
3.3120000000e-01 -4.4071128823e-05 4.7060642732e-03 8.4686747716e-02 
3.3160000000e-01 -5.9826788512e-05 4.5295547004e-03 8.0698699598e-02 
3.3200000000e-01 -6.8481368231e-05 4.3549648326e-03 7.6879697415e-02 
3.3240000000e-01 -7.0034867980e-05 4.1822946697e-03 7.3229741167e-02 
3.3280000000e-01 -6.4487287757e-05 4.0115442118e-03 6.9748830852e-02 
3.3320000000e-01 -5.3393541452e-05 3.8454429037e-03 6.6437441618e-02 
3.3360000000e-01 -4.6083112387e-05 3.7003674144e-03 6.3298424333e-02 
3.3400000000e-01 -4.4110914451e-05 3.5790471888e-03 6.0332254143e-02 
3.3440000000e-01 -4.7476947643e-05 3.4814822269e-03 5.7538931048e-02 
3.3480000000e-01 -5.6181211963e-05 3.4076725287e-03 5.4918455048e-02 
3.3520000000e-01 -6.9223629308e-05 3.3524444154e-03 5.2457837384e-02 
3.3560000000e-01 -8.0603731061e-05 3.2847558145e-03 5.0079145502e-02 
3.3600000000e-01 -8.9321439118e-05 3.1994330473e-03 4.7769390643e-02 
3.3640000000e-01 -9.5376753480e-05 3.0964761136e-03 4.5528572808e-02 
3.3680000000e-01 -9.8769674148e-05 2.9758850136e-03 4.3356691995e-02 
3.3720000000e-01 -9.8817896542e-05 2.8404824666e-03 4.1258460190e-02 
3.3760000000e-01 -9.1427593197e-05 2.7072047881e-03 3.9262149299e-02 
3.3800000000e-01 -7.5916459536e-05 2.5788746975e-03 3.7372471306e-02 
3.3840000000e-01 -5.2284495559e-05 2.4554921948e-03 3.5589426211e-02 
3.3880000000e-01 -2.0531701266e-05 2.3370572800e-03 3.3913014015e-02 
3.3920000000e-01 1.6900753138e-05 2.2242054446e-03 3.2338599348e-02 
3.3960000000e-01 4.5365846414e-05 2.1207496382e-03 3.0838370008e-02 
3.4000000000e-01 6.2422408355e-05 2.0273253523e-03 2.9407690625e-02 
3.4040000000e-01 6.8070438963e-05 1.9439325869e-03 2.8046561200e-02 
3.4080000000e-01 6.2309938237e-05 1.8705713422e-03 2.6754981733e-02 
3.4120000000e-01 4.7013840608e-05 1.8066288627e-03 2.5530059601e-02 
3.4160000000e-01 3.3419752665e-05 1.7484286170e-03 2.4354439065e-02 
3.4200000000e-01 2.3400608839e-05 1.6953578498e-03 2.3225227502e-02 
3.4240000000e-01 1.6956409129e-05 1.6474165612e-03 2.2142424911e-02 
3.4280000000e-01 1.4087153536e-05 1.6046047512e-03 2.1106031293e-02 
3.4320000000e-01 1.4108638047e-05 1.5660076301e-03 2.0115770598e-02 
3.4360000000e-01 1.2915638586e-05 1.5261364599e-03 1.9169986523e-02 
3.4400000000e-01 9.8239511387e-06 1.4840764508e-03 1.8268403019e-02 
3.4440000000e-01 4.8335757062e-06 1.4398276030e-03 1.7411020085e-02 
3.4480000000e-01 -2.0554877117e-06 1.3933899164e-03 1.6597837722e-02 
3.4520000000e-01 -1.0562164810e-05 1.3451943675e-03 1.5826742571e-02 
3.4560000000e-01 -1.9000009761e-05 1.2978268156e-03 1.5085054480e-02 
3.4600000000e-01 -2.7087948258e-05 1.2517182371e-03 1.4370660090e-02 
3.4640000000e-01 -3.4825980302e-05 1.2068686322e-03 1.3683559402e-02 
3.4680000000e-01 -4.2214105893e-05 1.1632780007e-03 1.3023752415e-02 
3.4720000000e-01 -4.8890813289e-05 1.1210499271e-03 1.2392187573e-02 
3.4760000000e-01 -5.2687032038e-05 1.0808059181e-03 1.1794555534e-02 
3.4800000000e-01 -5.3241250396e-05 1.0426495581e-03 1.1231804741e-02 
3.4840000000e-01 -5.0553468364e-05 1.0065808471e-03 1.0703935195e-02 
3.4880000000e-01 -4.4623685943e-05 9.7259978501e-04 1.0210946895e-02 
3.4920000000e-01 -3.5959321996e-05 9.4033166522e-04 9.7503210546e-03 
3.4960000000e-01 -2.7604889713e-05 9.0752824726e-04 9.3069449489e-03 
3.5000000000e-01 -2.0067807957e-05 8.7381482439e-04 8.8782997909e-03 
3.5040000000e-01 -1.3348076730e-05 8.3919139661e-04 8.4643855807e-03 
3.5080000000e-01 -7.4456960301e-06 8.0365796391e-04 8.0652023182e-03 
3.5120000000e-01 -2.2513821731e-06 7.6754885504e-04 7.6816044714e-03 
3.5160000000e-01 2.8905669520e-06 7.3287004235e-04 7.3187188476e-03 
3.5200000000e-01 8.0894350304e-06 6.9995585459e-04 6.9773999148e-03 
3.5240000000e-01 1.3345222062e-05 6.6880629174e-04 6.6576476731e-03 
3.5280000000e-01 1.8657928047e-05 6.3942135381e-04 6.3594621223e-03 
3.5320000000e-01 2.3644307632e-05 6.1196435180e-04 6.0811338205e-03 
3.5360000000e-01 2.6004888701e-05 5.8741515174e-04 5.8124061157e-03 
3.5400000000e-01 2.5356425901e-05 5.6593706461e-04 5.5515695658e-03 
3.5440000000e-01 2.1698919232e-05 5.4753009044e-04 5.2986241709e-03 
3.5480000000e-01 1.5032368694e-05 5.3219422920e-04 5.0535699310e-03 
3.5520000000e-01 6.0007251216e-06 5.1941594643e-04 4.8168115435e-03 
3.5560000000e-01 -1.5323064763e-06 5.0611403525e-04 4.5907771939e-03 
3.5600000000e-01 -6.9227752651e-06 4.9177496117e-04 4.3758715797e-03 
3.5640000000e-01 -1.0170681245e-05 4.7639872421e-04 4.1720947007e-03 
3.5680000000e-01 -1.1276024415e-05 4.5998532434e-04 3.9794465572e-03 
3.5720000000e-01 -1.0539479065e-05 4.4273623035e-04 3.7975076083e-03 
3.5760000000e-01 -9.7650909252e-06 4.2586025479e-04 3.6237606104e-03 
3.5800000000e-01 -9.2535342837e-06 4.0955886641e-04 3.4577860229e-03 
3.5840000000e-01 -9.0048091407e-06 3.9383206523e-04 3.2995838456e-03 
3.5880000000e-01 -9.0189154962e-06 3.7867985123e-04 3.1491540787e-03 
3.5920000000e-01 -9.2604626873e-06 3.6413624804e-04 3.0063916831e-03 
3.5960000000e-01 -9.5171067370e-06 3.5040539738e-04 2.8706664252e-03 
3.6000000000e-01 -9.7534569825e-06 3.3752132285e-04 2.7418732661e-03 
3.6040000000e-01 -9.9695134237e-06 3.2548402446e-04 2.6200122058e-03 
3.6080000000e-01 -1.0165276061e-05 3.1429350221e-04 2.5050832442e-03 
3.6120000000e-01 -1.0280934736e-05 3.0394483393e-04 2.3968508957e-03 
3.6160000000e-01 -9.9576285024e-06 2.9440848665e-04 2.2939022459e-03 
3.6200000000e-01 -9.1355472031e-06 2.8567953820e-04 2.1960018091e-03 
3.6240000000e-01 -7.8146908379e-06 2.7775798858e-04 2.1031495853e-03 
3.6280000000e-01 -5.9950594067e-06 2.7064383779e-04 2.0153455745e-03 
3.6320000000e-01 -3.8116388640e-06 2.6415834929e-04 1.9323039757e-03 
3.6360000000e-01 -2.0743449369e-06 2.5722910380e-04 1.8523099839e-03 
3.6400000000e-01 -9.1816357982e-07 2.4967736477e-04 1.7750777981e-03 
3.6440000000e-01 -3.4309479279e-07 2.4150313221e-04 1.7006074184e-03 
3.6480000000e-01 -3.4913857580e-07 2.3270640612e-04 1.6288988446e-03 
3.6520000000e-01 -8.5151522922e-07 2.2341105841e-04 1.5601565945e-03 
3.6560000000e-01 -1.3415465552e-06 2.1436032050e-04 1.4956077732e-03 
3.6600000000e-01 -1.7344528542e-06 2.0567806432e-04 1.4354568984e-03 
3.6640000000e-01 -2.0302341262e-06 1.9736428985e-04 1.3797039701e-03 
3.6680000000e-01 -2.2288903712e-06 1.8941899711e-04 1.3283489883e-03 
3.6720000000e-01 -2.3357130024e-06 1.8185610940e-04 1.2811085456e-03 
3.6760000000e-01 -2.3824504996e-06 1.7475916666e-04 1.2362821980e-03 
3.6800000000e-01 -2.3743942762e-06 1.6814209219e-04 1.1935865382e-03 
3.6840000000e-01 -2.3115443321e-06 1.6200488601e-04 1.1530215662e-03 
3.6880000000e-01 -2.1939006673e-06 1.5634754811e-04 1.1145872820e-03 
3.6920000000e-01 -2.0462851481e-06 1.5113390358e-04 1.0782681770e-03 
3.6960000000e-01 -2.0176289715e-06 1.4614690298e-04 1.0439712002e-03 
3.7000000000e-01 -2.1327540039e-06 1.4135037139e-04 1.0116808429e-03 
3.7040000000e-01 -2.3916602450e-06 1.3674430883e-04 9.8139710522e-04 
3.7080000000e-01 -2.7943476951e-06 1.3232871528e-04 9.5311998711e-04 
3.7120000000e-01 -3.3040023018e-06 1.2809303445e-04 9.2673152833e-04 
3.7160000000e-01 -3.6997397513e-06 1.2397392853e-04 9.0152396735e-04 
3.7200000000e-01 -3.9447459915e-06 1.1996084122e-04 8.7737934393e-04 
3.7240000000e-01 -4.0390210223e-06 1.1605377252e-04 8.5429765807e-04 
3.7280000000e-01 -3.9825648437e-06 1.1225272243e-04 8.3227890975e-04 
3.7320000000e-01 -3.7895540088e-06 1.0855647534e-04 8.1140342768e-04 
3.7360000000e-01 -3.5450478360e-06 1.0495773759e-04 7.9215318397e-04 
3.7400000000e-01 -3.2632228781e-06 1.0145529357e-04 7.7460850730e-04 
3.7440000000e-01 -2.9440791354e-06 9.8049143284e-05 7.5876939768e-04 
3.7480000000e-01 -2.5876166077e-06 9.4739286723e-05 7.4463585511e-04 
3.7520000000e-01 -2.2093767069e-06 9.1535508285e-05 7.3205373475e-04 
3.7560000000e-01 -1.9026079041e-06 8.8496514330e-05 7.2009816758e-04 
3.7600000000e-01 -1.6828516112e-06 8.5632089252e-05 7.0861500876e-04 
3.7640000000e-01 -1.5501078281e-06 8.2942233051e-05 6.9760425830e-04 
3.7680000000e-01 -1.5043765548e-06 8.0426945727e-05 6.8706591620e-04 
3.7720000000e-01 -1.5371085723e-06 7.8066265546e-05 6.7703960008e-04 
3.7760000000e-01 -1.5970085661e-06 7.5740422098e-05 6.6776301569e-04 
3.7800000000e-01 -1.6755273171e-06 7.3429453650e-05 6.5927578066e-04 
3.7840000000e-01 -1.7726648254e-06 7.1133360202e-05 6.5157789500e-04 
3.7880000000e-01 -1.8884210909e-06 6.8852141753e-05 6.4466935869e-04 
3.7920000000e-01 -2.0169390807e-06 6.6595787349e-05 6.3850930622e-04 
3.7960000000e-01 -2.1230765970e-06 6.4424231262e-05 6.3285254443e-04 
3.8000000000e-01 -2.2009766070e-06 6.2347462538e-05 6.2765820780e-04 
3.8040000000e-01 -2.2506391105e-06 6.0365481177e-05 6.2292629634e-04 
3.8080000000e-01 -2.2720641076e-06 5.8478287179e-05 6.1865681003e-04 
3.8120000000e-01 -2.2672594119e-06 5.6679282911e-05 6.1482374568e-04 
3.8160000000e-01 -2.2482719052e-06 5.4928882580e-05 6.1127108406e-04 
3.8200000000e-01 -2.2171094012e-06 5.3220488553e-05 6.0797282197e-04 
3.8240000000e-01 -2.1737718998e-06 5.1554100830e-05 6.0492895941e-04 
3.8280000000e-01 -2.1182594010e-06 4.9929719412e-05 6.0213949637e-04 
3.8320000000e-01 -2.0525906542e-06 4.8348938043e-05 5.9960047198e-04 
3.8360000000e-01 -1.9888781558e-06 4.6821319194e-05 5.9728812088e-04 
3.8400000000e-01 -1.9291406550e-06 4.5348456609e-05 5.9519848219e-04 
3.8440000000e-01 -1.8733781520e-06 4.3930350290e-05 5.9333155590e-04 
3.8480000000e-01 -1.8215906466e-06 4.2567000236e-05 5.9168734202e-04 
3.8520000000e-01 -1.7727836083e-06 4.1255558013e-05 5.9025753049e-04 
3.8560000000e-01 -1.7209898531e-06 3.9978933021e-05 5.8899226096e-04 
3.8600000000e-01 -1.6652148505e-06 3.8734276828e-05 5.8788322337e-04 
3.8640000000e-01 -1.6054586003e-06 3.7521589432e-05 5.8693041773e-04 
3.8680000000e-01 -1.5417211026e-06 3.6340870834e-05 5.8613384404e-04 
3.8720000000e-01 -1.4757820442e-06 3.5192972583e-05 5.8548278572e-04 
3.8760000000e-01 -1.4183195455e-06 3.4083003971e-05 5.8491294338e-04 
3.8800000000e-01 -1.3711132933e-06 3.3011816548e-05 5.8441360045e-04 
3.8840000000e-01 -1.3341632875e-06 3.1979410313e-05 5.8398475693e-04 
3.8880000000e-01 -1.3074695282e-06 3.0985785266e-05 5.8362641281e-04 
3.8920000000e-01 -1.2900562350e-06 3.0028915639e-05 5.8333720805e-04 
3.8960000000e-01 -1.2760687263e-06 2.9096646818e-05 5.8310898225e-04 
3.9000000000e-01 -1.2645312217e-06 2.8186953035e-05 5.8294037535e-04 
3.9040000000e-01 -1.2554437213e-06 2.7299834289e-05 5.8283138736e-04 
3.9080000000e-01 -1.2488062250e-06 2.6435290581e-05 5.8278201828e-04 
3.9120000000e-01 -1.2433796698e-06 2.5593553154e-05 5.8278792433e-04 
3.9160000000e-01 -1.2317296769e-06 2.4776009473e-05 5.8282304287e-04 
3.9200000000e-01 -1.2126171833e-06 2.3982890781e-05 5.8288303012e-04 
3.9240000000e-01 -1.1860421890e-06 2.3214197079e-05 5.8296788608e-04 
3.9280000000e-01 -1.1520046939e-06 2.2469928366e-05 5.8307761076e-04 
3.9320000000e-01 -1.1116390731e-06 2.1749256515e-05 5.8321025030e-04 
3.9360000000e-01 -1.0717515758e-06 2.1047212754e-05 5.8335408158e-04 
3.9400000000e-01 -1.0334765772e-06 2.0362968957e-05 5.8350715074e-04 
3.9440000000e-01 -9.9681407715e-07 1.9696525123e-05 5.8366945778e-04 
3.9480000000e-01 -9.6176407567e-07 1.9047881252e-05 5.8384100270e-04 
3.9520000000e-01 -9.2837188554e-07 1.8416630322e-05 5.8402147203e-04 
3.9560000000e-01 -8.9690938342e-07 1.7800330204e-05 5.8420898484e-04 
3.9600000000e-01 -8.6742188207e-07 1.7198573875e-05 5.8440322766e-04 
3.9640000000e-01 -8.3990938150e-07 1.6611361337e-05 5.8460420049e-04 
3.9680000000e-01 -8.1437188171e-07 1.6038692589e-05 5.8481190332e-04 
3.9720000000e-01 -7.9053672618e-07 1.5480042626e-05 5.8502557000e-04 
3.9760000000e-01 -7.6676797589e-07 1.4932261419e-05 5.8524060354e-04 
3.9800000000e-01 -7.4279297432e-07 1.4394823962e-05 5.8545623779e-04 
3.9840000000e-01 -7.1861172148e-07 1.3867730257e-05 5.8567247273e-04 
3.9880000000e-01 -6.9422421737e-07 1.3350980302e-05 5.8588930839e-04 
3.9920000000e-01 -6.6966483733e-07 1.2844621754e-05 5.8610558144e-04 
3.9960000000e-01 -6.4513983349e-07 1.2348940545e-05 5.8631431207e-04 
